liczby losowe przed sortowaniem:
2613
7851
91
4595
-1246
-8228
8783
1703
-8525
-137
-4725
-8858
-8933
-5794
-2792
6408
3991
-9435
-6855
853
-4834
-1419
-530
-164
-5409
-8457
7516
1915
1446
308
-1969
-3840
-9472
1493
-5473
-4429
-7105
-7597
-4429
3856
4512
-3574
-8157
-7814
298
-7792
4195
-9172
9082
-7100
-5954
-6891
-2083
-6102
-8706
-5923
4670
2583
20
-6772
97
-9370
-8586
9612
-1234
9206
-8987
2090
1297
782
-6926
-763
-1663
-1442
6208
5280
-2943
-19
-8406
1434
-8349
-9139
41
-9663
-5644
8309
270
802
-43
-2744
-3401
-3678
-8603
-3944
-3073
-107
262
-5165
-1034
259
-5536
-4719
-5644
9617
-9695
5785
7977
9794
-8569
-706
-1544
-9033
-34
616
3586
-9408
-7028
700
5159
-850
2286
3796
-952
-2167
1501
-4751
1234
736
308
-365
1115
-2683
-2828
-4696
3876
-6790
-6041
-4959
7303
-9306
-3293
-8759
-943
-4148
-5360
-4262
-9551
-8002
-3474
-9014
7182
-818
306
-4926
-1358
-4474
-9168
666
-4841
4026
380
-8800
-969
569
-9835
-5961
1317
-2550
9658
671
7648
5783
-5090
-359
-6462
1731
-5822
8909
6943
-8959
2047
-7133
-1044
-7063
-1145
8604
5502
2
1316
-6982
4756
1925
3242
-7165
-3465
-4315
8458
-7066
-9471
-8248
-9885
3357
-6978
-1543
2334
2100
2799
-3775
9436
-4248
-7308
-2959
4235
2773
-4440
7205
2357
-7929
3057
1927
-7451
6811
-5294
-8017
7843
-287
-3710
2867
-9733
1696
-478
1980
-8535
-7743
-6488
-584
5712
-2749
-6399
3406
-3610
-9003
-6603
-617
-9643
-3549
-9298
6923
-5178
5039
-4717
-9671
2231
-2430
-614
4796
-49
-8347
1502
-6550
8083
-8947
-1234
-9555
9430
2868
-250
-9511
-8425
4750
7937
3796
8903
5081
-2993
-1416
-1877
-2090
-1151
-8222
-9087
-2761
-6064
7075
197
-3686
-9901
-3660
-4010
-1356
-4075
-8400
3127
-8942
2893
8678
-7920
-6372
-2622
-6427
-4803
-1957
-811
-103
423
-5218
-4155
-3072
-7729
-7818
-5202
-2092
3181
-2485
2380
1323
-3914
-6615
7847
-9888
-797
2553
-3376
8786
-1874
-5511
3463
-2580
5377
2085
-3583
3396
2283
-6699
-2328
-2105
9521
-5716
-8284
-6637
749
-7443
6873
-2103
-9005
-9584
-1009
-6630
-4494
-5385
-2213
522
-3749
2650
6739
-5164
-987
7913
1731
-601
399
8724
1900
7518
-1658
-1214
8928
5957
-7350
714
-9201
8605
-6996
6114
9259
-921
-8389
6834
2693
-9191
-1664
-372
-5224
-3273
-6617
2848
4425
5183
-8482
6155
-9652
-4509
-6654
-6863
-7829
-902
4857
5483
-2877
1467
-8614
-9696
-5711
-5501
-12
955
-1397
-7530
7405
596
-8750
-401
424
-9230
-9403
4336
-5267
-2766
-6087
2554
-8187
-2169
-2808
-382
4
-2140
6120
-8637
-7958
-1834
-3874
-1743
-341
-3304
-3310
-9809
-5844
6211
-4284
5538
5873
4643
2975
-7004
-6412
-4753
1197
5405
-8743
-8231
-7252
8047
-9663
-7420
1536
-1679
-421
-2699
8712
-4098
-1149
9871
-3274
-624
-3486
-1831
5816
-1273
-8835
-737
-8900
493
-371
-5149
3957
8160
-3317
-9781
-553
-8794
-9903
2587
-983
2821
6266
1066
-421
-8811
5329
-2257
-7307
-8394
-1494
185
-7822
-2915
-6646
-4056
-9972
-7852

liczby losowe po sortowaniu:
-9972
-9903
-9901
-9888
-9885
-9835
-9809
-9781
-9733
-9696
-9695
-9671
-9663
-9663
-9652
-9643
-9584
-9555
-9551
-9511
-9472
-9471
-9435
-9408
-9403
-9370
-9306
-9298
-9230
-9201
-9191
-9172
-9168
-9139
-9087
-9033
-9014
-9005
-9003
-8987
-8959
-8947
-8942
-8933
-8900
-8858
-8835
-8811
-8800
-8794
-8759
-8750
-8743
-8706
-8637
-8614
-8603
-8586
-8569
-8535
-8525
-8482
-8457
-8425
-8406
-8400
-8394
-8389
-8349
-8347
-8284
-8248
-8231
-8228
-8222
-8187
-8157
-8017
-8002
-7958
-7929
-7920
-7852
-7829
-7822
-7818
-7814
-7792
-7743
-7729
-7597
-7530
-7451
-7443
-7420
-7350
-7308
-7307
-7252
-7165
-7133
-7105
-7100
-7066
-7063
-7028
-7004
-6996
-6982
-6978
-6926
-6891
-6863
-6855
-6790
-6772
-6699
-6654
-6646
-6637
-6630
-6617
-6615
-6603
-6550
-6488
-6462
-6427
-6412
-6399
-6372
-6102
-6087
-6064
-6041
-5961
-5954
-5923
-5844
-5822
-5794
-5716
-5711
-5644
-5644
-5536
-5511
-5501
-5473
-5409
-5385
-5360
-5294
-5267
-5224
-5218
-5202
-5178
-5165
-5164
-5149
-5090
-4959
-4926
-4841
-4834
-4803
-4753
-4751
-4725
-4719
-4717
-4696
-4509
-4494
-4474
-4440
-4429
-4429
-4315
-4284
-4262
-4248
-4155
-4148
-4098
-4075
-4056
-4010
-3944
-3914
-3874
-3840
-3775
-3749
-3710
-3686
-3678
-3660
-3610
-3583
-3574
-3549
-3486
-3474
-3465
-3401
-3376
-3317
-3310
-3304
-3293
-3274
-3273
-3073
-3072
-2993
-2959
-2943
-2915
-2877
-2828
-2808
-2792
-2766
-2761
-2749
-2744
-2699
-2683
-2622
-2580
-2550
-2485
-2430
-2328
-2257
-2213
-2169
-2167
-2140
-2105
-2103
-2092
-2090
-2083
-1969
-1957
-1877
-1874
-1834
-1831
-1743
-1679
-1664
-1663
-1658
-1544
-1543
-1494
-1442
-1419
-1416
-1397
-1358
-1356
-1273
-1246
-1234
-1234
-1214
-1151
-1149
-1145
-1044
-1034
-1009
-987
-983
-969
-952
-943
-921
-902
-850
-818
-811
-797
-763
-737
-706
-624
-617
-614
-601
-584
-553
-530
-478
-421
-421
-401
-382
-372
-371
-365
-359
-341
-287
-250
-164
-137
-107
-103
-49
-43
-34
-19
-12
2
4
20
41
91
97
185
197
259
262
270
298
306
308
308
380
399
423
424
493
522
569
596
616
666
671
700
714
736
749
782
802
853
955
1066
1115
1197
1234
1297
1316
1317
1323
1434
1446
1467
1493
1501
1502
1536
1696
1703
1731
1731
1900
1915
1925
1927
1980
2047
2085
2090
2100
2231
2283
2286
2334
2357
2380
2553
2554
2583
2587
2613
2650
2693
2773
2799
2821
2848
2867
2868
2893
2975
3057
3127
3181
3242
3357
3396
3406
3463
3586
3796
3796
3856
3876
3957
3991
4026
4195
4235
4336
4425
4512
4595
4643
4670
4750
4756
4796
4857
5039
5081
5159
5183
5280
5329
5377
5405
5483
5502
5538
5712
5783
5785
5816
5873
5957
6114
6120
6155
6208
6211
6266
6408
6739
6811
6834
6873
6923
6943
7075
7182
7205
7303
7405
7516
7518
7648
7843
7847
7851
7913
7937
7977
8047
8083
8160
8309
8458
8604
8605
8678
8712
8724
8783
8786
8903
8909
8928
9082
9206
9259
9430
9436
9521
9612
9617
9658
9794
9871
